 <pre>

 Contingency table for Cloud cover (octas)
 Selection: ALL    596 stations
Period: 20190801-20190823
Used {00,06,12,18} + 01 02 ... 24
 Limits   0.500000000       1.50000000       2.50000000       3.50000000       4.50000000       5.50000000       6.50000000       7.50000000    
 Each class is data <= limit, the very last > last limit
 Total number of values     1180938
                                                       OBSERVATION
                                 101299    28218    24496    16483    10174    12620    13178    17004    15126 |    238598
                                  14525     6126     5961     5410     3787     5334     6447     9856     8529 |     65975
                                   7842     3574     3356     3335     2440     3559     4397     6908     5948 |     41359
                                   6127     2777     2674     2818     2066     3015     3911     6311     5293 |     34992
                           Ref     5934     2699     2675     2851     2221     3140     4006     6457     5605 |     35588
                                   5874     2821     2587     2845     2236     3174     4258     7145     6239 |     37179
                                   6959     3341     2964     3299     2626     3964     5321     9525     8484 |     46483
                                  10488     5048     4439     4988     3792     6118     8740    17436    16570 |     77619
                                  34446    19661    15497    19799    15052    30199    45970   162112   260409 |    603145

                    SUM          193494    74265    64649    61828    44394    71123    96228   242754   332203 |   1180938
                                                       OBSERVATION
                                 100675    28338    24585    16368    10171    12510    13116    16814    15105 |    237682
                                  14604     6161     5848     5491     3801     5542     6423     9888     8465 |     66223
                                   7854     3372     3272     3378     2491     3602     4359     6964     5880 |     41172
                                   6121     2738     2729     2785     2119     3115     3841     6159     5269 |     34876
                          Exp1     5887     2748     2578     2817     2098     2966     3966     6446     5528 |     35034
                                   5825     2772     2626     2782     2201     3237     4273     7216     6355 |     37287
                                   6974     3306     2976     3344     2584     3879     5394     9658     8477 |     46592
                                  10494     4967     4494     4960     3752     6230     8622    17511    16685 |     77715
                                  35060    19863    15541    19903    15177    30042    46234   162098   260439 |    604357

                    SUM          193494    74265    64649    61828    44394    71123    96228   242754   332203 |   1180938
                                                       OBSERVATION
                                 102714    28668    24832    16680    10270    12942    13620    17355    15677 |    242758
                                  14322     6118     5797     5441     3814     5461     6435     9877     8610 |     65875
                                   7746     3463     3271     3362     2462     3607     4312     6948     5945 |     41116
                                   6047     2810     2787     2777     2083     3063     3882     6184     5322 |     34955
                          Exp2     5710     2727     2618     2779     2162     3108     3809     6386     5598 |     34897
                                   5763     2709     2530     2887     2282     3199     4169     7159     6453 |     37151
                                   6887     3343     2971     3289     2627     3916     5314     9811     8650 |     46808
                                  10275     4969     4439     5002     3737     6082     8643    17752    16616 |     77515
                                  34030    19458    15404    19611    14957    29745    46044   161282   259332 |    599863

                    SUM          193494    74265    64649    61828    44394    71123    96228   242754   332203 |   1180938
                                                       OBSERVATION
                                 100837    28074    24387    16297    10047    12600    12986    16881    14905 |    237014
                                  14684     6215     5958     5312     3735     5386     6436     9940     8531 |     66197
                                   7721     3482     3262     3389     2461     3523     4470     6981     5893 |     41182
                                   5947     2789     2709     2813     2026     3144     3776     6132     5377 |     34713
                          Exp3     5953     2693     2621     2786     2210     3060     4013     6345     5461 |     35142
                                   5830     2850     2641     2874     2257     3271     4296     7393     6312 |     37724
                                   6950     3387     2937     3407     2518     3924     5188     9496     8467 |     46274
                                  10408     5029     4385     4984     3827     6149     8662    17596    16686 |     77726
                                  35164    19746    15749    19966    15313    30066    46401   161990   260571 |    604966

                    SUM          193494    74265    64649    61828    44394    71123    96228   242754   332203 |   1180938
                                                       OBSERVATION
                                 100403    28114    24488    16361    10104    12663    13187    17031    15013 |    237364
                                  14761     6278     5896     5279     3779     5368     6348     9803     8534 |     66046
                                   7631     3467     3308     3352     2433     3538     4443     6942     5942 |     41056
                                   6179     2792     2754     2794     2104     3097     3807     6227     5262 |     35016
                          Exp4     5950     2740     2548     2806     2192     3140     3953     6419     5492 |     35240
                                   5864     2777     2598     2885     2225     3239     4248     7222     6362 |     37420
                                   6971     3375     2989     3384     2568     3805     5314     9692     8445 |     46543
                                  10518     4989     4487     4966     3703     6221     8576    17427    16535 |     77422
                                  35217    19733    15581    20001    15286    30052    46352   161991   260618 |    604831

                    SUM          193494    74265    64649    61828    44394    71123    96228   242754   332203 |   1180938
                                                       OBSERVATION
                                 101033    28254    24481    16405    10219    12567    13066    17039    15064 |    238128
                                  14831     6153     6054     5473     3680     5373     6517    10037     8577 |     66695
                                   7749     3437     3310     3292     2454     3654     4398     6861     5951 |     41106
                                   6134     2815     2676     2826     2129     3100     3841     6241     5243 |     35005
                          Exp5     5776     2759     2608     2853     2140     3078     3914     6415     5538 |     35081
                                   5809     2753     2574     2850     2259     3189     4309     7276     6244 |     37263
                                   7050     3402     2972     3353     2585     4018     5409     9629     8569 |     46987
                                  10480     4858     4479     4988     3825     6227     8697    17418    16768 |     77740
                                  34632    19834    15495    19788    15103    29917    46077   161838   260249 |    602933

                    SUM          193494    74265    64649    61828    44394    71123    96228   242754   332203 |   1180938

